  43  30  38  17
  45  31  39  22
  42  32  40  12
  44  33  41  7
  30  47  26  38
  31  46  27  39
  32  49  28  40
  33  48  29  41
  43  50  35  27
  42  51  34  26
  38  26  34  52
  39  27  35  54
  45  53  37  29
  44  55  36  28
  40  28  36  56
  41  29  37  57
  27  46  30  43
  26  47  32  42
  29  48  31  45
  28  49  33  44
  34  15  16  52
  36  10  11  56
  34  51  13  14
  35  20  21  54
  37  5  6  57
  35  50  18  19
  36  55  8  9
  37  53  23  24
  25  47  30  46
  25  46  31  48
  25  49  32  47
  25  48  33  49
  17  38  52  16
  22  39  54  21
  12  40  56  11
  7  41  57  6
  12  13  51  42
  7  8  55  44
  17  18  50  43
  22  23  53  45
  3  15  34  14
  4  20  35  19
  36  9  2  10
  37  24  1  5
