  0  0
  1  0
  1  1
  0  1
  0.166667  0
  0.333333  0
  0.5  0
  0.666667  0
  0.833333  0
  1  0.166667
  1  0.333333
  1  0.5
  1  0.666667
  1  0.833333
  0.833333  1
  0.666667  1
  0.5  1
  0.333333  1
  0.166667  1
  0  0.833333
  0  0.666667
  0  0.5
  0  0.333333
  0  0.166667
  0.500046  0.499835
  0.719443  0.718804
  0.281117  0.719399
  0.718893  0.280551
  0.280601  0.281031
  0.500422  0.728252
  0.271676  0.500297
  0.728379  0.499502
  0.499633  0.271547
  0.829897  0.829752
  0.170234  0.82989
  0.829768  0.170101
  0.17011  0.170218
  0.611911  0.830991
  0.168955  0.611868
  0.831058  0.388076
  0.388123  0.168888
  0.831076  0.611521
  0.388423  0.831031
  0.611591  0.16891
  0.168958  0.388356
  0.388264  0.612083
  0.612333  0.611488
  0.387927  0.387949
  0.611806  0.387684
  0.302796  0.894155
  0.894169  0.697183
  0.697382  0.894061
  0.105843  0.302771
  0.105918  0.697369
  0.697208  0.105828
  0.894085  0.302615
  0.302629  0.105894
