  0  0
  1  0
  1  1
  0  1
  0.1  0
  0.2  0
  0.3  0
  0.4  0
  0.5  0
  0.6  0
  0.7  0
  0.8  0
  0.9  0
  1  0.1
  1  0.2
  1  0.3
  1  0.4
  1  0.5
  1  0.6
  1  0.7
  1  0.8
  1  0.9
  0.9  1
  0.8  1
  0.7  1
  0.6  1
  0.5  1
  0.4  1
  0.3  1
  0.2  1
  0.1  1
  0  0.9
  0  0.8
  0  0.7
  0  0.6
  0  0.5
  0  0.4
  0  0.3
  0  0.2
  0  0.1
  0.500989  0.492812
  0.694471  0.72401
  0.280019  0.721851
  0.724363  0.307276
  0.306097  0.271286
  0.512977  0.78022
  0.212941  0.493438
  0.781575  0.487599
  0.483733  0.215949
  0.809078  0.811674
  0.190662  0.809261
  0.811741  0.191137
  0.191092  0.187606
  0.623264  0.834899
  0.147997  0.630744
  0.371502  0.846288
  0.845767  0.62834
  0.835442  0.377123
  0.156066  0.371302
  0.376193  0.163104
  0.62778  0.154549
  0.561752  0.641532
  0.38656  0.557814
  0.645288  0.444835
  0.427392  0.327591
  0.438077  0.649809
  0.653804  0.563469
  0.382764  0.443015
  0.542311  0.372053
  0.462025  0.893239
  0.114242  0.462958
  0.893432  0.538007
  0.537384  0.106337
  0.712661  0.911726
  0.0892685  0.711123
  0.911834  0.287413
  0.287293  0.0878487
  0.908305  0.70987
  0.290328  0.908856
  0.709812  0.0917999
  0.092108  0.289859
  0.599733  0.747521
  0.253021  0.603871
  0.74886  0.402218
  0.397806  0.244939
  0.393288  0.746934
  0.746803  0.604419
  0.25813  0.396675
  0.600398  0.256365
  0.903902  0.904235
  0.0961246  0.90383
  0.904247  0.0961189
  0.0961206  0.0956715
  0.559054  0.920005
  0.12494  0.567468
  0.920208  0.441019
  0.440754  0.0794767
  0.802068  0.695021
  0.305091  0.804343
  0.694448  0.198971
  0.199571  0.303793
  0.711075  0.819591
  0.194069  0.695476
  0.819852  0.289472
  0.288868  0.178548
  0.46805  0.590153
  0.593661  0.538296
  0.417975  0.498691
  0.562254  0.433623
  0.667858  0.630957
  0.349686  0.657212
  0.628901  0.340436
  0.341649  0.361383
  0.621614  0.917705
  0.0890288  0.62393
  0.917893  0.378506
  0.378244  0.0816546
  0.909877  0.619181
  0.618869  0.0902301
  0.380824  0.910165
  0.0919045  0.380714
  0.806668  0.907434
  0.0941636  0.805263
  0.907484  0.193412
  0.193352  0.0922448
  0.904877  0.80537
  0.805341  0.0952442
  0.195176  0.905098
  0.095323  0.194362
  0.472642  0.703905
  0.296313  0.499924
  0.706804  0.527588
  0.513403  0.293466
  0.5397  0.861049
  0.164526  0.557165
  0.861584  0.460596
  0.459342  0.13728
  0.431193  0.817607
  0.185989  0.431926
  0.817859  0.568588
  0.566041  0.182293
  0.461549  0.405386
