  14  92  13  2
  5  93  40  1
  23  90  22  3
  32  91  31  4
  54  82  42  102
  60  85  45  105
  58  84  44  104
  18  19  118  72
  9  10  119  73
  27  28  120  70
  36  37  121  71
  107  64  132  67
  142  65  133  69
  106  66  111  63
  142  68  113  65
  63  108  41  106
  64  107  41  109
  62  110  42  82
  103  83  111  43
  64  112  44  84
  65  113  45  85
  62  107  67  110
  64  109  69  112
  130  46  138  86
  132  48  140  87
  131  47  139  88
  133  49  141  89
  25  74  122  24
  34  75  123  33
  16  76  124  15
  7  77  125  6
  20  21  126  78
  11  12  127  80
  29  30  128  79
  38  39  129  81
  27  70  134  94
  36  71  135  95
  18  72  136  96
  9  73  137  97
  15  124  92  14
  6  125  93  5
  24  122  90  23
  33  123  91  32
  21  22  90  126
  12  13  92  127
  30  31  91  128
  39  40  93  129
  111  83  131  63
  134  70  138  46
  135  71  139  47
  120  56  138  70
  121  59  139  71
  136  72  140  48
  137  73  141  49
  118  57  140  72
  119  61  141  73
  99  56  120  79
  102  74  114  54
  103  75  115  55
  98  57  118  78
  101  59  121  81
  100  61  119  80
  104  76  116  58
  105  77  117  60
  62  82  46  130
  64  84  48  132
  65  85  49  133
  62  130  66  106
  63  131  68  108
  102  50  122  74
  103  51  123  75
  98  78  126  50
  104  52  124  76
  99  79  128  51
  105  53  125  77
  100  80  127  52
  101  81  129  53
  54  134  46  82
  103  55  135  83
  131  83  135  47
  48  84  58  136
  60  137  49  85
  130  86  111  66
  99  43  111  86
  132  87  110  67
  98  42  110  87
  131  88  113  68
  133  89  112  69
  101  45  113  88
  100  44  112  89
  50  102  42  98
  51  103  43  99
  52  104  44  100
  53  105  45  101
  122  50  126  90
  123  51  128  91
  124  52  127  92
  125  53  129  93
  41  107  62  106
  27  94  114  26
  36  95  115  35
  18  96  116  17
  9  97  117  8
  74  25  26  114
  75  34  35  115
  76  16  17  116
  77  7  8  117
  78  118  19  20
  80  119  10  11
  79  120  28  29
  81  121  37  38
  99  86  138  56
  98  87  140  57
  101  88  139  59
  100  89  141  61
  114  94  134  54
  115  95  135  55
  116  96  136  58
  117  97  137  60
  69  109  41  142
  68  142  41  108
