  0  0
  1  0
  1  1
  0  1
  0.0666667  0
  0.133333  0
  0.2  0
  0.266667  0
  0.333333  0
  0.4  0
  0.466667  0
  0.533333  0
  0.6  0
  0.666667  0
  0.733333  0
  0.8  0
  0.866667  0
  0.933333  0
  1  0.0666667
  1  0.133333
  1  0.2
  1  0.266667
  1  0.333333
  1  0.4
  1  0.466667
  1  0.533333
  1  0.6
  1  0.666667
  1  0.733333
  1  0.8
  1  0.866667
  1  0.933333
  0.933333  1
  0.866667  1
  0.8  1
  0.733333  1
  0.666667  1
  0.6  1
  0.533333  1
  0.466667  1
  0.4  1
  0.333333  1
  0.266667  1
  0.2  1
  0.133333  1
  0.0666667  1
  0  0.933333
  0  0.866667
  0  0.8
  0  0.733333
  0  0.666667
  0  0.6
  0  0.533333
  0  0.466667
  0  0.4
  0  0.333333
  0  0.266667
  0  0.2
  0  0.133333
  0  0.0666667
  0.499692  0.501685
  0.712004  0.697669
  0.310559  0.715257
  0.698693  0.2855
  0.289434  0.309593
  0.484677  0.774664
  0.775963  0.500755
  0.222341  0.480502
  0.49683  0.217801
  0.842588  0.821605
  0.179107  0.827402
  0.822634  0.171568
  0.15642  0.180264
  0.564517  0.641661
  0.360367  0.55054
  0.665722  0.431464
  0.420322  0.342224
  0.642869  0.83176
  0.152341  0.647254
  0.848031  0.351109
  0.356234  0.168527
  0.349439  0.863089
  0.653695  0.136516
  0.182191  0.358254
  0.67674  0.583759
  0.435345  0.668548
  0.345523  0.434324
  0.580206  0.321423
  0.528004  0.886009
  0.116025  0.53779
  0.883023  0.462502
  0.471106  0.113346
  0.600513  0.737592
  0.264712  0.594304
  0.731265  0.389896
  0.399748  0.274105
  0.729814  0.897106
  0.119632  0.723754
  0.881003  0.27564
  0.269866  0.103421
  0.88594  0.752477
  0.272578  0.888672
  0.730013  0.110303
  0.114185  0.249953
  0.893407  0.107524
  0.106542  0.10635
  0.893092  0.894293
  0.107111  0.892141
  0.617368  0.533587
  0.526758  0.383554
  0.389037  0.746462
  0.257391  0.394028
  0.429191  0.909829
  0.0893128  0.444278
  0.908755  0.558194
  0.571105  0.0904324
  0.741418  0.791163
  0.198928  0.752337
  0.803753  0.246373
  0.258692  0.211126
  0.77924  0.731036
  0.272898  0.780387
  0.732603  0.218181
  0.222048  0.274394
  0.465179  0.59741
  0.395188  0.493448
  0.75585  0.623244
  0.627342  0.242352
  0.361711  0.670509
  0.69256  0.509916
  0.361184  0.340619
  0.485911  0.302461
  0.811478  0.920701
  0.0808354  0.810546
  0.919652  0.189094
  0.188107  0.0798991
  0.812564  0.0780928
  0.924497  0.816525
  0.0751448  0.184464
  0.188404  0.921363
  0.635516  0.66214
  0.521726  0.701762
  0.295602  0.516447
  0.663712  0.357806
  0.603922  0.941543
  0.0748273  0.623507
  0.92521  0.37615
  0.395766  0.0582205
  0.945572  0.610942
  0.631654  0.0657011
  0.369335  0.934119
  0.054288  0.390446
  0.437537  0.840975
  0.149691  0.451708
  0.831557  0.558834
  0.561876  0.16228
  0.568055  0.811253
  0.187896  0.565141
  0.809011  0.430293
  0.429296  0.187869
  0.441098  0.429811
  0.771585  0.319377
  0.32292  0.231679
  0.676337  0.771738
  0.233201  0.676444
  0.577515  0.459952
  0.746868  0.553559
  0.550581  0.248494
  0.397654  0.60612
  0.460741  0.721252
  0.278252  0.456488
  0.604612  0.600369
  0.602553  0.391671
  0.946518  0.490349
  0.526261  0.052036
  0.473633  0.947847
  0.0530101  0.510056
  0.392142  0.384227
  0.670752  0.942907
  0.0567193  0.693055
  0.943432  0.30674
  0.329015  0.0570959
  0.943037  0.677056
  0.696947  0.0524986
  0.304236  0.947018
  0.0571246  0.324449
  0.538065  0.574021
  0.43074  0.542813
  0.535514  0.943534
  0.0601755  0.568299
  0.939532  0.431751
  0.464189  0.0562081
  0.734601  0.938968
  0.0627432  0.736767
  0.0603482  0.258288
  0.261303  0.940735
  0.739884  0.0587235
  0.939686  0.742961
  0.937543  0.262967
  0.265161  0.0613183
  0.508035  0.828613
  0.824156  0.487722
  0.169196  0.508606
  0.487621  0.172371
  0.701365  0.840002
  0.175518  0.700308
  0.826309  0.297951
  0.298742  0.161238
  0.835347  0.768508
  0.244038  0.832832
  0.759393  0.165796
  0.164906  0.23436
  0.3243  0.764645
  0.237545  0.333527
  0.341582  0.28828
  0.302338  0.651074
  0.736121  0.454931
  0.434343  0.306978
  0.605975  0.871504
  0.132781  0.593187
  0.866336  0.405223
  0.392991  0.128357
  0.886031  0.690138
  0.678891  0.0888572
  0.323089  0.910588
  0.114434  0.313537
  0.773885  0.853119
  0.145799  0.777411
  0.855541  0.221732
  0.225839  0.148064
  0.938636  0.0617316
  0.061573  0.061349
  0.938355  0.938836
  0.0615193  0.938181
  0.543389  0.756525
  0.242409  0.539127
  0.716749  0.337522
  0.505308  0.635574
  0.347418  0.500673
  0.656293  0.717318
  0.694667  0.640574
  0.641152  0.302337
  0.579609  0.68312
  0.315907  0.569991
  0.686161  0.394184
  0.662476  0.543139
  0.534264  0.336195
  0.395511  0.689576
  0.312579  0.368274
  0.455886  0.241221
  0.879581  0.937951
  0.0628203  0.879053
  0.937478  0.120751
  0.120194  0.0624223
  0.879956  0.0626012
  0.938039  0.880868
  0.061743  0.119567
  0.120418  0.937169
  0.681096  0.889281
  0.0978589  0.672816
  0.902429  0.326508
  0.318525  0.111071
  0.766409  0.67757
  0.683251  0.233602
  0.727907  0.750814
  0.254424  0.730516
  0.751803  0.267245
  0.272531  0.253694
  0.623451  0.791068
  0.210363  0.620867
  0.867545  0.864887
  0.137962  0.86342
  0.862998  0.135978
  0.131842  0.136171
  0.789195  0.373407
  0.375443  0.211306
  0.948236  0.548677
  0.582216  0.05255
  0.418043  0.94745
  0.0512066  0.452369
  0.373197  0.814879
  0.638688  0.481384
  0.46849  0.365915
  0.801596  0.613214
  0.631544  0.186019
  0.790311  0.790251
  0.224919  0.799501
  0.778466  0.199148
  0.211281  0.211485
  0.51377  0.443214
  0.55879  0.517967
  0.393161  0.321354
  0.350566  0.707699
  0.818587  0.652794
  0.673776  0.19604
  0.88042  0.61382
  0.396569  0.88876
  0.604643  0.111695
  0.117432  0.392466
  0.830632  0.709953
  0.710337  0.166017
  0.294035  0.832801
  0.170259  0.295596
  0.466865  0.898116
  0.101672  0.484105
  0.894439  0.518237
  0.532709  0.102301
  0.395659  0.530631
  0.882718  0.795691
  0.223212  0.864811
  0.779082  0.134161
  0.116821  0.206125
  0.334906  0.607934
  0.443758  0.493273
  0.440452  0.787682
  0.202047  0.421087
  0.481643  0.556776
  0.33289  0.801701
  0.394028  0.455022
