  169  125  238  86
  167  127  241  85
  168  128  242  88
  133  227  70  271
  134  228  71  272
  135  229  72  273
  136  230  73  274
  87  249  131  178
  133  251  34  35
  134  252  48  49
  139  58  59  257
  140  44  45  258
  137  16  17  255
  138  30  31  256
  135  253  20  21
  136  254  6  7
  266  165  216  63
  169  86  248  129
  167  85  246  130
  168  88  247  132
  168  132  250  69
  268  163  215  65
  243  74  172  141
  232  5  6  254
  231  19  20  253
  234  47  48  252
  233  33  34  251
  233  256  31  32
  231  255  17  18
  234  258  45  46
  232  257  59  60
  273  137  255  105
  274  139  257  106
  271  138  256  107
  272  140  258  108
  42  151  279  41
  14  150  278  13
  167  130  217  67
  218  132  283  77
  217  159  202  67
  227  133  193  97
  228  134  194  98
  229  135  199  99
  230  136  200  100
  197  137  311  103
  198  138  309  101
  195  139  312  104
  196  140  310  102
  172  85  241  141
  173  88  242  144
  170  86  238  142
  171  87  239  143
  38  145  179  37
  10  148  182  9
  265  164  240  62
  235  93  269  157
  236  94  270  158
  267  162  237  64
  27  28  183  149
  55  56  186  152
  51  52  190  146
  23  24  191  147
  19  231  18  2
  5  232  60  1
  33  233  32  3
  47  234  46  4
  96  276  160  250
  131  292  77  178
  217  95  275  159
  201  66  235  157
  203  68  236  158
  277  149  296  115
  278  150  298  116
  279  151  297  113
  280  152  299  114
  146  220  79  260
  147  221  80  261
  173  144  245  76
  170  142  235  66
  171  143  236  68
  243  142  238  74
  244  143  239  75
  201  157  219  89
  203  158  220  90
  202  159  221  91
  204  160  222  92
  267  119  207  162
  268  120  208  163
  144  242  64  237
  304  113  297  153
  306  115  296  155
  305  114  299  154
  307  116  298  156
  265  117  205  164
  266  118  206  165
  141  240  93  243
  131  249  65  215
  62  240  141  241
  167  67  202  155
  168  69  204  156
  296  294  284  155
  298  83  285  156
  201  153  315  66
  203  154  316  68
  238  187  172  74
  129  293  63  216
  204  69  250  160
  297  82  281  153
  299  84  316  154
  189  39  40  176
  192  11  12  175
  244  313  216  94
  245  95  217  76
  155  284  127  167
  156  285  128  168
  178  77  283  161
  219  157  269  78
  220  158  270  79
  221  159  275  80
  222  160  276  81
  145  38  39  189
  177  190  52  53
  174  191  24  25
  148  10  11  192
  319  161  314  126
  37  179  193  36
  51  180  194  50
  23  181  199  22
  9  182  200  8
  173  166  290  110
  86  170  111  248
  87  171  112  249
  85  172  109  246
  110  247  88  173
  251  107  256  233
  253  105  255  231
  252  108  258  234
  254  106  257  232
  283  110  290  161
  138  271  70  309
  140  272  71  310
  137  273  72  311
  139  274  73  312
  173  76  282  166
  98  206  118  228
  99  207  119  229
  151  225  82  297
  150  224  83  298
  207  80  275  162
  208  81  276  163
  302  210  287  122
  303  212  289  124
  237  162  275  95
  215  163  276  96
  205  78  269  164
  206  79  270  165
  14  15  197  184
  28  29  198  183
  56  57  195  186
  42  43  196  185
  240  164  269  93
  216  165  270  94
  134  49  50  194
  133  35  36  193
  136  7  8  200
  135  21  22  199
  138  198  29  30
  137  197  15  16
  140  196  43  44
  139  195  57  58
  296  223  300  294
  212  303  226  104
  166  291  61  290
  282  109  291  166
  145  189  89  219
  146  190  90  220
  147  191  91  221
  148  192  92  222
  193  179  259  97
  194  180  260  98
  199  181  261  99
  200  182  262  100
  172  187  291  109
  25  26  277  174
  53  54  280  177
  63  213  122  266
  65  214  124  268
  296  149  183  223
  14  184  224  150
  42  185  225  151
  299  152  186  226
  198  101  223  183
  197  103  224  184
  196  102  225  185
  195  104  226  186
  75  308  188  169
  133  271  107  251
  134  272  108  252
  135  273  105  253
  136  274  106  254
  227  97  259  205
  230  100  262  208
  302  102  310  210
  314  61  317  188
  66  315  111  170
  68  316  112  171
  219  259  179  145
  51  146  260  180
  23  147  261  181
  222  262  182  148
  62  241  127  263
  64  242  128  264
  121  286  117  265
  122  287  118  266
  123  288  119  267
  124  289  120  268
  169  188  317  125
  176  40  41  279
  152  280  54  55
  149  277  26  27
  175  12  13  278
  213  111  281  318
  214  112  316  84
  189  176  304  89
  191  174  306  91
  190  177  305  90
  192  175  307  92
  219  78  205  259
  98  260  79  206
  99  261  80  207
  222  81  208  262
  277  115  306  174
  278  116  307  175
  279  113  304  176
  280  114  305  177
  161  319  87  178
  284  294  263  127
  285  295  264  128
  132  218  96  250
  142  243  93  235
  143  244  94  236
  144  237  95  245
  286  121  300  209
  288  123  301  211
  311  211  301  103
  314  188  308  126
  238  125  317  187
  96  218  77  292
  62  263  121  265
  64  264  123  267
  169  129  216  313
  282  76  217  130
  96  292  131  215
  111  213  63  293
  112  214  65  249
  87  319  126  239
  213  318  302  122
  214  84  303  124
  153  201  89  304
  154  203  90  305
  155  202  91  306
  156  204  92  307
  205  117  286  227
  209  70  227  286
  118  287  71  228
  119  288  72  229
  208  120  289  230
  212  73  230  289
  301  295  285  83
  101  309  70  209
  287  210  310  71
  288  211  311  72
  104  312  73  212
  187  317  61  291
  129  248  111  293
  130  246  109  282
  132  247  110  283
  75  239  126  308
  209  300  223  101
  83  224  103  301
  102  302  82  225
  299  226  303  84
  300  121  263  294
  301  123  264  295
  61  314  161  290
  169  313  244  75
  111  315  153  281
  281  82  302  318
